Topology: (16, 6), Hidden Activation: sigmoid, Num Epochs: 50, Accuracy: 0.6157205240174672
Topology: (32, 6), Hidden Activation: sigmoid, Num Epochs: 50, Accuracy: 0.5982532751091703
Topology: (64, 6), Hidden Activation: sigmoid, Num Epochs: 50, Accuracy: 0.6462882096069869
